0.7090930752598246 0.6413071612016821 0.6413071612016821 0.6413071612016821 0.7475927718490476 0.6413071612016821 0.7475927718490476 0.6413071612016821 1.0 0.6413071612016821 0.7475927718490476 0.6413071612016821 0.6413071612016821 0.6413071612016821 0.6413071612016821 0.6413071612016821 0.6413071612016821 0.7475927718490476 0.6413071612016821 0.7090930752598246 
0.6274383296520855 0.528272318643282 0.528272318643282 0.528272318643282 0.528272318643282 0.528272318643282 0.566527012703589 0.528272318643282 0.566527012703589 0.528272318643282 0.547173791830044 0.528272318643282 0.547173791830044 0.547173791830044 0.528272318643282 0.528272318643282 0.528272318643282 0.528272318643282 0.6274383296520855 0.6274383296520855 
1.0 0.7258966629159602 1.0 1.0 0.6413071612016821 1.0 0.6413071612016821 0.6413071612016821 0.7090930752598246 0.7258966629159602 0.6413071612016821 1.0 0.7724034906899463 0.7724034906899463 0.7662840074000468 0.7662840074000468 0.7662840074000468 1.0 1.0 0.7090930752598246 
0.6951481997146942 0.528272318643282 0.528272318643282 0.5631089711883746 0.528272318643282 0.528272318643282 0.528272318643282 0.6013328691775239 0.6951481997146942 0.528272318643282 0.528272318643282 0.5631089711883746 0.5631089711883746 0.5631089711883746 0.528272318643282 0.528272318643282 0.528272318643282 0.7514913379040304 0.6274383296520855 0.6951481997146942 
1.0 0.6707007944011797 0.6478658029490758 0.6478658029490758 0.6413071612016821 0.6478658029490758 0.6413071612016821 0.6413071612016821 0.7090930752598246 0.6707007944011797 0.6413071612016821 0.6478658029490758 0.7662840074000468 0.7662840074000468 0.7662840074000468 0.7662840074000468 0.7662840074000468 1.0 0.6413071612016821 0.7090930752598246 
0.6413071612016821 0.6413071612016821 0.6478658029490758 1.0 0.6413071612016821 0.6478658029490758 0.6413071612016821 0.6413071612016821 0.650300107275338 1.0 0.646505567826357 1.0 0.6413071612016821 0.6413071612016821 0.6478658029490758 0.6478658029490758 0.6478658029490758 1.0 0.6413071612016821 0.6413071612016821 
0.7090930752598246 0.7258966629159602 0.6413071612016821 0.6413071612016821 0.7475927718490476 0.6413071612016821 0.7475927718490476 0.6413071612016821 0.7475927718490476 0.7258966629159602 0.7475927718490476 0.6413071612016821 0.7258966629159602 0.7258966629159602 0.6413071612016821 0.6413071612016821 0.6413071612016821 0.7514913379040304 1.0 0.7090930752598246 
0.6951481997146942 0.6413071612016821 0.6478658029490758 0.7093556181814169 0.6413071612016821 0.6478658029490758 0.7046118482480758 0.8267123673606335 0.6951481997146942 0.8267123673606335 0.646505567826357 0.7093556181814169 0.6413071612016821 0.6413071612016821 0.6478658029490758 0.6478658029490758 0.6478658029490758 0.8267123673606335 0.6413071612016821 0.6951481997146942 
0.7274258624925294 0.7591469614521944 0.6478658029490758 0.6478658029490758 0.6413071612016821 0.6478658029490758 0.6622104617244694 0.787812353476849 0.6951481997146942 0.7258966629159602 0.7501268728250832 0.6478658029490758 0.7258966629159602 0.7258966629159602 0.6478658029490758 0.6478658029490758 0.6478658029490758 1.0 1.0 0.6951481997146942 
1.0 0.6413071612016821 0.6478658029490758 0.6478658029490758 0.6413071612016821 0.6478658029490758 1.0 0.6413071612016821 0.7090930752598246 0.6478658029490758 0.6413071612016821 0.6478658029490758 0.7662840074000468 0.7662840074000468 0.7662840074000468 0.7662840074000468 0.7662840074000468 1.0 0.6413071612016821 0.7090930752598246 
0.6268379178316869 0.6268379178316869 0.6268379178316869 0.6268379178316869 0.6268379178316869 0.6268379178316869 0.7276783742331905 0.6268379178316869 0.6268379178316869 0.6268379178316869 0.646505567826357 0.6268379178316869 0.6268379178316869 0.6268379178316869 0.6268379178316869 0.6268379178316869 0.6268379178316869 0.7589028072881362 0.6268379178316869 0.6268379178316869 
0.6413071612016821 0.6413071612016821 0.6478658029490758 0.6478658029490758 0.6413071612016821 0.6478658029490758 0.6413071612016821 0.6413071612016821 0.650300107275338 0.6478658029490758 0.6413071612016821 0.6478658029490758 0.6413071612016821 0.6413071612016821 0.6478658029490758 0.6478658029490758 0.6478658029490758 0.6478658029490758 0.6413071612016821 0.6413071612016821 
0.6413071612016821 0.7258966629159602 0.6478658029490758 0.7093556181814169 0.6413071612016821 0.6478658029490758 0.6724910316622731 0.6413071612016821 0.650300107275338 0.7258966629159602 0.646505567826357 0.7093556181814169 0.7258966629159602 0.7258966629159602 0.6478658029490758 0.6478658029490758 0.6478658029490758 1.0 1.0 0.6413071612016821 
0.6413071612016821 0.7258966629159602 0.6413071612016821 0.6413071612016821 0.6413071612016821 0.6413071612016821 0.6413071612016821 0.6413071612016821 1.0 0.7258966629159602 0.7794975832387919 0.6413071612016821 0.7571507003216751 0.7571507003216751 0.6413071612016821 0.6413071612016821 0.6413071612016821 0.7258966629159602 1.0 0.6413071612016821 
0.7090930752598246 0.7258966629159602 1.0 0.6478658029490758 0.6413071612016821 1.0 0.6413071612016821 0.6413071612016821 1.0 0.7258966629159602 0.646505567826357 0.6478658029490758 0.7258966629159602 0.7258966629159602 0.6478658029490758 0.6478658029490758 0.6478658029490758 0.7258966629159602 1.0 0.7090930752598246 
0.7662840074000468 0.7258966629159602 0.6478658029490758 0.7724034906899463 0.6413071612016821 0.6478658029490758 0.6724910316622731 0.6413071612016821 0.650300107275338 0.8055226011791613 0.7686329885161078 0.7724034906899463 1.0 1.0 0.7662840074000468 0.7662840074000468 0.7662840074000468 1.0 1.0 0.6413071612016821 
0.6413071612016821 0.6413071612016821 0.6413071612016821 0.6413071612016821 0.7475927718490476 0.6413071612016821 0.7475927718490476 0.6413071612016821 0.7475927718490476 0.6413071612016821 0.7475927718490476 0.6413071612016821 0.6413071612016821 0.6413071612016821 0.6413071612016821 0.6413071612016821 0.6413071612016821 0.7475927718490476 0.6413071612016821 0.6413071612016821 
0.6413071612016821 0.6413071612016821 0.6478658029490758 0.7093556181814169 0.6413071612016821 0.6478658029490758 0.6413071612016821 0.6413071612016821 0.650300107275338 0.7093556181814169 1.0 0.7093556181814169 0.7686329885161078 0.7686329885161078 0.6478658029490758 0.6478658029490758 0.6478658029490758 0.7563756848661699 0.6413071612016821 0.6413071612016821 
0.7090930752598246 0.7258966629159602 0.6413071612016821 0.6413071612016821 0.6413071612016821 0.6413071612016821 0.6413071612016821 0.6413071612016821 1.0 0.7258966629159602 0.646505567826357 0.6413071612016821 0.7258966629159602 0.7258966629159602 0.6413071612016821 0.6413071612016821 0.6413071612016821 0.7423325177911364 1.0 0.7090930752598246 
0.6413071612016821 0.6413071612016821 1.0 0.6478658029490758 0.6413071612016821 1.0 0.6413071612016821 0.6413071612016821 0.6413071612016821 0.6478658029490758 0.6413071612016821 0.6478658029490758 0.6413071612016821 0.6413071612016821 0.6478658029490758 0.6478658029490758 0.6478658029490758 0.6478658029490758 0.6413071612016821 0.6413071612016821 
0.6274383296520855 0.3243652211736518 0.6478658029490758 0.6478658029490758 0.49680063127932966 0.6478658029490758 0.49680063127932966 0.6808714038435263 0.49680063127932966 0.6478658029490758 0.49680063127932966 0.6478658029490758 0.3243652211736518 0.3243652211736518 0.6478658029490758 0.6478658029490758 0.6478658029490758 1.0 0.6274383296520855 0.6274383296520855 
0.6268379178316869 0.6268379178316869 0.6268379178316869 0.6268379178316869 0.7475927718490476 0.6268379178316869 0.7475927718490476 0.6268379178316869 0.7475927718490476 0.6268379178316869 0.7475927718490476 0.6268379178316869 0.6268379178316869 0.6268379178316869 0.6268379178316869 0.6268379178316869 0.6268379178316869 0.7475927718490476 0.6268379178316869 0.6268379178316869 
0.6951481997146942 0.7258966629159602 0.6413071612016821 0.6413071612016821 0.6413071612016821 0.6413071612016821 0.6413071612016821 0.6413071612016821 0.6951481997146942 0.7258966629159602 0.6413071612016821 0.6413071612016821 0.7258966629159602 0.7258966629159602 0.6413071612016821 0.6413071612016821 0.6413071612016821 0.7258966629159602 1.0 0.6951481997146942 
0.6413071612016821 0.6413071612016821 0.6413071612016821 0.7093556181814169 0.6413071612016821 0.6413071612016821 0.6413071612016821 1.0 1.0 0.7093556181814169 0.7571507003216751 0.7093556181814169 0.7571507003216751 0.7571507003216751 0.6413071612016821 0.6413071612016821 0.6413071612016821 0.8277538072477705 0.6413071612016821 0.6413071612016821 
0.7662840074000468 0.7258966629159602 0.6413071612016821 0.7724034906899463 0.6413071612016821 0.6413071612016821 0.6413071612016821 0.6413071612016821 0.650300107275338 0.8055226011791613 0.7686329885161078 0.7724034906899463 1.0 1.0 0.7662840074000468 0.7662840074000468 0.7662840074000468 0.7258966629159602 0.7258966629159602 0.6413071612016821 
0.6413071612016821 0.7258966629159602 0.6413071612016821 0.6413071612016821 0.6413071612016821 0.6413071612016821 0.6413071612016821 0.6413071612016821 0.650300107275338 0.7258966629159602 0.6413071612016821 0.6413071612016821 0.7258966629159602 0.7258966629159602 0.6413071612016821 0.6413071612016821 0.6413071612016821 0.7258966629159602 1.0 0.6413071612016821 
0.6951481997146942 0.7258966629159602 1.0 0.6478658029490758 0.7475927718490476 1.0 0.7475927718490476 1.0 0.7475927718490476 0.7258966629159602 0.7475927718490476 0.6478658029490758 0.7258966629159602 0.7258966629159602 0.6478658029490758 0.6478658029490758 0.6478658029490758 1.0 1.0 0.6951481997146942 
0.6951481997146942 0.6413071612016821 0.6478658029490758 1.0 0.6413071612016821 0.6478658029490758 0.6724910316622731 0.6413071612016821 0.6951481997146942 1.0 0.646505567826357 1.0 0.6413071612016821 0.6413071612016821 0.6478658029490758 0.6478658029490758 0.6478658029490758 0.7514913379040304 0.6413071612016821 0.6951481997146942 
1.0 0.7591469614521944 0.6478658029490758 0.6478658029490758 0.6413071612016821 0.6478658029490758 0.6724910316622731 1.0 0.7090930752598246 0.7258966629159602 0.7501268728250832 0.6478658029490758 0.7662840074000468 0.7662840074000468 0.7662840074000468 0.7662840074000468 0.7662840074000468 1.0 0.7710747844881096 0.7710747844881096 
0.6951481997146942 0.7258966629159602 0.6413071612016821 0.7093556181814169 0.6413071612016821 0.6413071612016821 0.6413071612016821 0.6413071612016821 0.6951481997146942 1.0 0.6413071612016821 0.7093556181814169 0.7258966629159602 0.7258966629159602 0.6413071612016821 0.6413071612016821 0.6413071612016821 0.7258966629159602 1.0 0.6951481997146942 
0.6274383296520855 0.6197568741109329 0.6478658029490758 0.6478658029490758 0.49680063127932966 0.6478658029490758 0.49680063127932966 0.3979858230129193 0.650300107275338 0.6478658029490758 0.547173791830044 0.6478658029490758 0.547173791830044 0.547173791830044 0.6478658029490758 0.6478658029490758 0.6478658029490758 0.6478658029490758 0.6274383296520855 0.6274383296520855 
0.4564923004878409 0.4915294388324435 0.6185533651544517 0.4644396437106617 0.4564923004878409 0.6185533651544517 0.4564923004878409 0.4564923004878409 0.4564923004878409 0.4644396437106617 0.547173791830044 0.4644396437106617 0.547173791830044 0.547173791830044 0.4564923004878409 0.4564923004878409 0.4564923004878409 0.5224192414483401 0.4564923004878409 0.4564923004878409 
0.6413071612016821 0.753398653799663 0.6478658029490758 1.0 0.6413071612016821 0.6478658029490758 0.6413071612016821 0.7046118482480758 0.650300107275338 1.0 0.6413071612016821 1.0 0.8055226011791613 0.8055226011791613 0.6478658029490758 0.6478658029490758 0.6478658029490758 0.7258966629159602 0.7258966629159602 0.6413071612016821 
0.7662840074000468 0.7258966629159602 0.6478658029490758 0.7724034906899463 0.6413071612016821 0.6478658029490758 0.6413071612016821 0.6413071612016821 1.0 0.8055226011791613 0.7686329885161078 0.7724034906899463 1.0 1.0 0.7662840074000468 0.7662840074000468 0.7662840074000468 0.8634566679678536 0.7258966629159602 0.7090930752598246 
0.6413071612016821 0.6413071612016821 0.6478658029490758 0.6478658029490758 0.6413071612016821 0.6478658029490758 0.6724910316622731 0.6413071612016821 0.650300107275338 0.6478658029490758 1.0 0.6478658029490758 0.7686329885161078 0.7686329885161078 0.6478658029490758 0.6478658029490758 0.6478658029490758 0.7501268728250832 0.6413071612016821 0.6413071612016821 
0.6413071612016821 0.6413071612016821 0.6478658029490758 0.6478658029490758 0.6413071612016821 0.6478658029490758 0.6413071612016821 0.6413071612016821 1.0 0.6478658029490758 0.6413071612016821 0.6478658029490758 0.6413071612016821 0.6413071612016821 0.6478658029490758 0.6478658029490758 0.6478658029490758 0.6478658029490758 0.6413071612016821 0.6413071612016821 
0.6951481997146942 0.6413071612016821 0.6478658029490758 1.0 0.6413071612016821 0.6478658029490758 0.6413071612016821 0.6413071612016821 0.6951481997146942 1.0 0.646505567826357 1.0 0.7724034906899463 0.7724034906899463 0.6478658029490758 0.6478658029490758 0.6478658029490758 0.7563756848661699 0.6413071612016821 0.6951481997146942 
0.6951481997146942 0.6413071612016821 0.6478658029490758 0.6478658029490758 0.7475927718490476 0.6478658029490758 0.7475927718490476 0.6413071612016821 0.7475927718490476 0.6478658029490758 1.0 0.6478658029490758 0.7686329885161078 0.7686329885161078 0.6478658029490758 0.6478658029490758 0.6478658029490758 0.7501268728250832 0.6413071612016821 0.6951481997146942 
0.6413071612016821 0.6912870925369513 1.0 0.6478658029490758 0.6413071612016821 1.0 0.6622104617244694 0.864875804800689 0.6622104617244694 0.6478658029490758 0.6413071612016821 0.6478658029490758 0.6413071612016821 0.6413071612016821 0.6478658029490758 0.6478658029490758 0.6478658029490758 0.6478658029490758 0.6413071612016821 0.6413071612016821 
0.6413071612016821 0.7258966629159602 0.6413071612016821 0.6413071612016821 0.6413071612016821 0.6413071612016821 0.6622104617244694 0.864875804800689 0.6622104617244694 0.7258966629159602 0.646505567826357 0.6413071612016821 0.7258966629159602 0.7258966629159602 0.6413071612016821 0.6413071612016821 0.6413071612016821 0.8277538072477705 1.0 0.6413071612016821 
0.6268379178316869 0.6268379178316869 0.6268379178316869 0.6268379178316869 0.6268379178316869 0.6268379178316869 0.6268379178316869 0.6268379178316869 0.6268379178316869 0.6268379178316869 0.6268379178316869 0.6268379178316869 0.6268379178316869 0.6268379178316869 0.6268379178316869 0.6268379178316869 0.6268379178316869 0.6268379178316869 0.6268379178316869 0.6268379178316869 
0.6413071612016821 0.6413071612016821 1.0 0.6478658029490758 0.6413071612016821 1.0 0.6413071612016821 0.6413071612016821 0.650300107275338 0.6478658029490758 0.7571507003216751 0.6478658029490758 0.7571507003216751 0.7571507003216751 0.6478658029490758 0.6478658029490758 0.6478658029490758 0.6478658029490758 0.6413071612016821 0.6413071612016821 
0.6413071612016821 0.6413071612016821 0.6478658029490758 0.7093556181814169 0.6413071612016821 0.6478658029490758 0.6413071612016821 0.6808714038435263 1.0 0.7093556181814169 0.6413071612016821 0.7093556181814169 0.6413071612016821 0.6413071612016821 0.6478658029490758 0.6478658029490758 0.6478658029490758 0.7514913379040304 0.6413071612016821 0.6413071612016821 
0.7090930752598246 0.4564923004878409 0.4564923004878409 0.5631089711883746 0.4564923004878409 0.4564923004878409 0.4564923004878409 0.4564923004878409 0.7090930752598246 0.4644396437106617 0.4644396437106617 0.5631089711883746 0.5631089711883746 0.5631089711883746 0.4564923004878409 0.4564923004878409 0.4564923004878409 0.4564923004878409 0.4564923004878409 1.0 
0.6268379178316869 0.6268379178316869 0.6268379178316869 0.7093556181814169 0.6268379178316869 0.6268379178316869 0.6268379178316869 0.6268379178316869 0.650300107275338 0.7093556181814169 0.6268379178316869 0.7093556181814169 0.6268379178316869 0.6268379178316869 0.6268379178316869 0.6268379178316869 0.6268379178316869 0.6268379178316869 0.6268379178316869 0.6268379178316869 
0.6413071612016821 0.7258966629159602 0.6413071612016821 1.0 0.6413071612016821 0.6413071612016821 0.6413071612016821 0.6413071612016821 0.650300107275338 0.7258966629159602 0.6413071612016821 1.0 0.7724034906899463 0.7724034906899463 0.6413071612016821 0.6413071612016821 0.6413071612016821 0.7423325177911364 1.0 0.6413071612016821 
0.7090930752598246 0.6268379178316869 0.6268379178316869 0.6268379178316869 0.7475927718490476 0.6268379178316869 0.7475927718490476 0.6268379178316869 0.7475927718490476 0.6268379178316869 0.7475927718490476 0.6268379178316869 0.6268379178316869 0.6268379178316869 0.6268379178316869 0.6268379178316869 0.6268379178316869 0.7475927718490476 0.6268379178316869 1.0 
0.6413071612016821 0.6413071612016821 0.6478658029490758 0.6478658029490758 0.6413071612016821 0.6478658029490758 0.6413071612016821 0.6413071612016821 0.6413071612016821 0.6478658029490758 0.6413071612016821 0.6478658029490758 0.6413071612016821 0.6413071612016821 0.6478658029490758 0.6478658029490758 0.6478658029490758 0.6478658029490758 0.6413071612016821 0.6413071612016821 
0.6413071612016821 0.6413071612016821 1.0 0.6478658029490758 0.6413071612016821 1.0 0.6413071612016821 0.6413071612016821 1.0 0.6478658029490758 0.646505567826357 0.6478658029490758 0.6413071612016821 0.6413071612016821 0.6478658029490758 0.6478658029490758 0.6478658029490758 0.6478658029490758 0.6413071612016821 0.6413071612016821 
0.6413071612016821 0.7258966629159602 0.6413071612016821 0.6413071612016821 0.7475927718490476 0.6413071612016821 0.7475927718490476 0.6413071612016821 0.7475927718490476 0.7258966629159602 0.7475927718490476 0.6413071612016821 0.7258966629159602 0.7258966629159602 0.6413071612016821 0.6413071612016821 0.6413071612016821 0.8581159628266537 1.0 0.6413071612016821 
0.6951481997146942 0.7258966629159602 0.6619394200798876 0.6478658029490758 0.6413071612016821 0.6619394200798876 0.6413071612016821 0.6413071612016821 0.6951481997146942 0.7258966629159602 1.0 0.6478658029490758 0.7686329885161078 0.7686329885161078 0.6478658029490758 0.6478658029490758 0.6478658029490758 0.7501268728250832 1.0 0.6951481997146942 
0.6413071612016821 0.7258966629159602 0.6478658029490758 0.6478658029490758 0.7475927718490476 0.6478658029490758 0.7475927718490476 0.6413071612016821 0.7475927718490476 0.7258966629159602 0.7475927718490476 0.6478658029490758 0.7258966629159602 0.7258966629159602 0.6478658029490758 0.6478658029490758 0.6478658029490758 0.8277538072477705 1.0 0.6413071612016821 
0.7090930752598246 0.6268379178316869 0.6478658029490758 0.7093556181814169 0.6268379178316869 0.6478658029490758 0.6622104617244694 0.6268379178316869 0.7090930752598246 0.7093556181814169 0.6268379178316869 0.7093556181814169 0.6268379178316869 0.6268379178316869 0.6478658029490758 0.6478658029490758 0.6478658029490758 1.0 0.6274383296520855 1.0 
0.6413071612016821 0.7258966629159602 0.6413071612016821 0.6413071612016821 0.6413071612016821 0.6413071612016821 0.6413071612016821 0.6413071612016821 0.650300107275338 0.7258966629159602 0.646505567826357 0.6413071612016821 0.7258966629159602 0.7258966629159602 0.6413071612016821 0.6413071612016821 0.6413071612016821 0.7258966629159602 1.0 0.6413071612016821 
0.7814590423551792 0.7814590423551792 0.7814590423551792 1.0 0.7814590423551792 0.7814590423551792 0.7814590423551792 0.8267123673606335 0.7814590423551792 1.0 0.7814590423551792 1.0 0.8055226011791613 0.8055226011791613 0.7814590423551792 0.7814590423551792 0.7814590423551792 0.8267123673606335 0.7814590423551792 0.7814590423551792 
0.6951481997146942 0.6268379178316869 0.6268379178316869 0.7093556181814169 0.6268379178316869 0.6268379178316869 0.6268379178316869 0.6268379178316869 0.6951481997146942 0.7093556181814169 0.6268379178316869 0.7093556181814169 0.6268379178316869 0.6268379178316869 0.6268379178316869 0.6268379178316869 0.6268379178316869 0.7514913379040304 0.6268379178316869 0.6951481997146942 
0.7090930752598246 0.7258966629159602 0.6478658029490758 0.7093556181814169 0.6413071612016821 0.6478658029490758 0.6413071612016821 0.6413071612016821 1.0 0.7258966629159602 0.6413071612016821 0.7093556181814169 0.7258966629159602 0.7258966629159602 0.6478658029490758 0.6478658029490758 0.6478658029490758 0.7258966629159602 1.0 0.7090930752598246 
0.6413071612016821 0.7258966629159602 0.6413071612016821 0.7093556181814169 0.6413071612016821 0.6413071612016821 0.6413071612016821 0.6413071612016821 0.650300107275338 0.7258966629159602 0.6413071612016821 0.7093556181814169 0.7258966629159602 0.7258966629159602 0.6413071612016821 0.6413071612016821 0.6413071612016821 0.7258966629159602 1.0 0.6413071612016821 
0.6413071612016821 0.7258966629159602 0.6478658029490758 0.6478658029490758 0.6413071612016821 0.6478658029490758 0.6413071612016821 0.6413071612016821 0.650300107275338 0.7258966629159602 0.6413071612016821 0.6478658029490758 0.7258966629159602 0.7258966629159602 0.6478658029490758 0.6478658029490758 0.6478658029490758 0.7258966629159602 1.0 0.6413071612016821 
0.6413071612016821 0.7258966629159602 0.6413071612016821 0.6413071612016821 0.6413071612016821 0.6413071612016821 0.6413071612016821 0.6413071612016821 0.650300107275338 0.7258966629159602 0.6413071612016821 0.6413071612016821 0.7258966629159602 0.7258966629159602 0.6413071612016821 0.6413071612016821 0.6413071612016821 0.7258966629159602 1.0 0.6413071612016821 
0.6413071612016821 0.7258966629159602 0.6413071612016821 0.6413071612016821 0.6413071612016821 0.6413071612016821 1.0 0.6413071612016821 0.6622104617244694 0.7258966629159602 1.0 0.6413071612016821 0.7686329885161078 0.7686329885161078 0.6413071612016821 0.6413071612016821 0.6413071612016821 0.7501268728250832 1.0 0.6413071612016821 
0.7090930752598246 0.6413071612016821 0.6413071612016821 0.6413071612016821 0.6413071612016821 0.6413071612016821 0.6413071612016821 0.6413071612016821 1.0 0.7584987312400132 0.646505567826357 0.6413071612016821 0.6413071612016821 0.6413071612016821 0.6413071612016821 0.6413071612016821 0.6413071612016821 0.6413071612016821 0.6413071612016821 0.7090930752598246 
0.6413071612016821 0.7258966629159602 0.6413071612016821 0.6413071612016821 0.6413071612016821 0.6413071612016821 0.6413071612016821 0.6413071612016821 0.650300107275338 0.7258966629159602 0.646505567826357 0.6413071612016821 0.7258966629159602 0.7258966629159602 0.6413071612016821 0.6413071612016821 0.6413071612016821 0.7258966629159602 1.0 0.6413071612016821 
1.0 0.753398653799663 0.6478658029490758 1.0 0.6413071612016821 0.6478658029490758 0.6413071612016821 0.7046118482480758 1.0 1.0 0.646505567826357 1.0 0.8055226011791613 0.8055226011791613 0.7662840074000468 0.7662840074000468 0.7662840074000468 0.7274258624925294 1.0 0.7090930752598246 
0.6951481997146942 0.6268379178316869 0.6478658029490758 0.6478658029490758 0.6268379178316869 0.6478658029490758 0.6268379178316869 0.6268379178316869 0.6951481997146942 0.6478658029490758 0.6268379178316869 0.6478658029490758 0.6268379178316869 0.6268379178316869 0.6478658029490758 0.6478658029490758 0.6478658029490758 0.6478658029490758 0.6268379178316869 0.6951481997146942 
0.7710747844881096 0.7258966629159602 0.6413071612016821 0.6413071612016821 0.6413071612016821 0.6413071612016821 0.6413071612016821 0.6413071612016821 0.650300107275338 0.7258966629159602 0.7571507003216751 0.6413071612016821 0.7571507003216751 0.7571507003216751 0.6413071612016821 0.6413071612016821 0.6413071612016821 0.7258966629159602 1.0 0.7710747844881096 
0.6951481997146942 0.6268379178316869 0.6268379178316869 0.6268379178316869 0.6268379178316869 0.6268379178316869 1.0 0.6268379178316869 0.6951481997146942 0.6268379178316869 0.6268379178316869 0.6268379178316869 0.6268379178316869 0.6268379178316869 0.6268379178316869 0.6268379178316869 0.6268379178316869 0.7589028072881362 0.6274383296520855 0.6951481997146942 
0.6413071612016821 0.7258966629159602 0.6478658029490758 0.6478658029490758 0.6413071612016821 0.6478658029490758 0.6413071612016821 0.6413071612016821 1.0 0.7258966629159602 0.6413071612016821 0.6478658029490758 0.7258966629159602 0.7258966629159602 0.6478658029490758 0.6478658029490758 0.6478658029490758 0.7514913379040304 1.0 0.6413071612016821 
0.6413071612016821 0.7258966629159602 0.6413071612016821 0.6413071612016821 0.6413071612016821 0.6413071612016821 0.6622104617244694 0.6808714038435263 1.0 1.0 0.6413071612016821 0.6413071612016821 0.7258966629159602 0.7258966629159602 0.6413071612016821 0.6413071612016821 0.6413071612016821 0.8581159628266537 1.0 0.6413071612016821 
0.7090930752598246 0.6413071612016821 0.6413071612016821 0.6413071612016821 0.6413071612016821 0.6413071612016821 0.6413071612016821 0.6413071612016821 0.7090930752598246 0.6413071612016821 0.6413071612016821 0.6413071612016821 0.6413071612016821 0.6413071612016821 0.6413071612016821 0.6413071612016821 0.6413071612016821 0.6413071612016821 0.6413071612016821 1.0 
0.6413071612016821 0.6429279902948442 1.0 0.6478658029490758 0.6413071612016821 1.0 0.6724910316622731 0.6808714038435263 0.650300107275338 0.6478658029490758 0.646505567826357 0.6478658029490758 0.6413071612016821 0.6413071612016821 0.6478658029490758 0.6478658029490758 0.6478658029490758 1.0 0.6413071612016821 0.6413071612016821 
0.6951481997146942 0.7258966629159602 0.6478658029490758 0.6478658029490758 0.6413071612016821 0.6478658029490758 0.6413071612016821 0.6413071612016821 1.0 0.7258966629159602 0.6413071612016821 0.6478658029490758 0.7258966629159602 0.7258966629159602 0.6478658029490758 0.6478658029490758 0.6478658029490758 0.7589028072881362 1.0 0.6951481997146942 
0.7274258624925294 0.7591469614521944 0.6478658029490758 0.7093556181814169 0.6413071612016821 0.6478658029490758 0.6622104617244694 0.864875804800689 0.6951481997146942 0.7258966629159602 0.7501268728250832 0.7093556181814169 0.7258966629159602 0.7258966629159602 0.6478658029490758 0.6478658029490758 0.6478658029490758 1.0 1.0 0.6951481997146942 
1.0 0.7258966629159602 0.7230479198538429 1.0 0.6413071612016821 0.7230479198538429 0.6413071612016821 1.0 0.7090930752598246 1.0 0.646505567826357 1.0 0.7662840074000468 0.7662840074000468 0.7662840074000468 0.7662840074000468 0.7662840074000468 0.7274258624925294 1.0 1.0 
0.6951481997146942 0.753398653799663 0.6268379178316869 0.6268379178316869 0.6268379178316869 0.6268379178316869 0.6268379178316869 0.6268379178316869 0.6951481997146942 1.0 0.6268379178316869 0.6268379178316869 0.6268379178316869 0.6268379178316869 0.6268379178316869 0.6268379178316869 0.6268379178316869 0.7589028072881362 0.6268379178316869 0.6951481997146942 
0.6413071612016821 0.6413071612016821 1.0 0.6478658029490758 0.7475927718490476 1.0 0.7475927718490476 1.0 0.7475927718490476 0.8267123673606335 0.7475927718490476 0.6478658029490758 0.6413071612016821 0.6413071612016821 0.6478658029490758 0.6478658029490758 0.6478658029490758 0.8267123673606335 0.6413071612016821 0.6413071612016821 
0.6951481997146942 0.7258966629159602 0.6478658029490758 0.6478658029490758 0.6413071612016821 0.6478658029490758 0.6413071612016821 0.6413071612016821 1.0 0.7258966629159602 0.6413071612016821 0.6478658029490758 0.7258966629159602 0.7258966629159602 0.6478658029490758 0.6478658029490758 0.6478658029490758 0.7514913379040304 1.0 0.6951481997146942 
0.6413071612016821 0.6707007944011797 0.6478658029490758 0.7093556181814169 1.0 0.6478658029490758 0.6413071612016821 0.6413071612016821 1.0 0.7093556181814169 0.6413071612016821 0.7093556181814169 0.6413071612016821 0.6413071612016821 0.6478658029490758 0.6478658029490758 0.6478658029490758 0.6478658029490758 0.6413071612016821 0.6413071612016821 
0.7090930752598246 0.7258966629159602 0.6478658029490758 0.6478658029490758 0.6413071612016821 0.6478658029490758 0.6413071612016821 0.6413071612016821 0.7090930752598246 0.7258966629159602 0.646505567826357 0.6478658029490758 0.7258966629159602 0.7258966629159602 0.6478658029490758 0.6478658029490758 0.6478658029490758 0.7514913379040304 1.0 1.0 
0.6413071612016821 0.7258966629159602 0.6413071612016821 0.7093556181814169 0.6413071612016821 0.6413071612016821 0.6724910316622731 0.6413071612016821 0.650300107275338 0.7258966629159602 0.646505567826357 0.7093556181814169 0.7258966629159602 0.7258966629159602 0.6413071612016821 0.6413071612016821 0.6413071612016821 0.7563756848661699 1.0 0.6413071612016821 
0.6413071612016821 0.6413071612016821 0.6478658029490758 0.6478658029490758 0.6413071612016821 0.6478658029490758 0.6413071612016821 0.6413071612016821 0.6413071612016821 0.6478658029490758 0.646505567826357 0.6478658029490758 0.6413071612016821 0.6413071612016821 0.6478658029490758 0.6478658029490758 0.6478658029490758 0.8634566679678536 0.6413071612016821 0.6413071612016821 
0.7814590423551792 0.7814590423551792 0.7814590423551792 0.7814590423551792 0.7814590423551792 0.7814590423551792 0.7814590423551792 0.7814590423551792 1.0 0.7814590423551792 0.7814590423551792 0.7814590423551792 0.7814590423551792 0.7814590423551792 0.7814590423551792 0.7814590423551792 0.7814590423551792 0.7814590423551792 0.7814590423551792 0.7814590423551792 
0.6413071612016821 0.7258966629159602 0.6413071612016821 0.6413071612016821 0.6413071612016821 0.6413071612016821 0.6413071612016821 0.6413071612016821 0.6413071612016821 0.7258966629159602 0.6413071612016821 0.6413071612016821 0.7258966629159602 0.7258966629159602 0.6413071612016821 0.6413071612016821 0.6413071612016821 0.7589028072881362 1.0 0.6413071612016821 
0.6413071612016821 0.7258966629159602 0.6478658029490758 1.0 0.6413071612016821 0.6478658029490758 0.6413071612016821 0.6413071612016821 0.6413071612016821 1.0 0.6413071612016821 1.0 0.7258966629159602 0.7258966629159602 0.6478658029490758 0.6478658029490758 0.6478658029490758 0.7258966629159602 1.0 0.6413071612016821 
0.6413071612016821 0.6413071612016821 0.6413071612016821 0.6413071612016821 0.6413071612016821 0.6413071612016821 0.6622104617244694 0.6413071612016821 0.6622104617244694 0.6413071612016821 0.6413071612016821 0.6413071612016821 0.6413071612016821 0.6413071612016821 0.6413071612016821 0.6413071612016821 0.6413071612016821 0.706126249217623 0.6413071612016821 0.6413071612016821 
0.6413071612016821 0.7258966629159602 0.6413071612016821 0.6413071612016821 0.6413071612016821 0.6413071612016821 1.0 0.6413071612016821 0.6413071612016821 0.7258966629159602 0.6413071612016821 0.6413071612016821 0.7258966629159602 0.7258966629159602 0.6413071612016821 0.6413071612016821 0.6413071612016821 1.0 1.0 0.6413071612016821 
0.7090930752598246 0.7258966629159602 0.6478658029490758 0.6478658029490758 0.6413071612016821 0.6478658029490758 0.6413071612016821 0.6413071612016821 0.7090930752598246 0.7584987312400132 0.6413071612016821 0.6478658029490758 0.7258966629159602 0.7258966629159602 0.6478658029490758 0.6478658029490758 0.6478658029490758 1.0 1.0 0.7090930752598246 
1.0 0.7591469614521944 0.6478658029490758 0.6478658029490758 1.0 0.6478658029490758 0.6622104617244694 0.864875804800689 0.7090930752598246 1.0 1.0 0.6478658029490758 0.7686329885161078 0.7686329885161078 0.7662840074000468 0.7662840074000468 0.7662840074000468 1.0 0.7258966629159602 0.7090930752598246 
0.7662840074000468 0.7258966629159602 0.6478658029490758 0.7724034906899463 0.6413071612016821 0.6478658029490758 0.6413071612016821 0.6413071612016821 0.7090930752598246 0.8055226011791613 0.7686329885161078 0.7724034906899463 1.0 1.0 0.7662840074000468 0.7662840074000468 0.7662840074000468 0.7258966629159602 1.0 1.0 
0.6951481997146942 0.6413071612016821 0.6413071612016821 0.6413071612016821 0.6413071612016821 0.6413071612016821 0.6413071612016821 1.0 0.6951481997146942 0.7046118482480758 0.6413071612016821 0.6413071612016821 0.6413071612016821 0.6413071612016821 0.6413071612016821 0.6413071612016821 0.6413071612016821 0.7514913379040304 0.6413071612016821 0.6951481997146942 
0.6413071612016821 0.7258966629159602 0.6413071612016821 0.6413071612016821 0.6413071612016821 0.6413071612016821 0.6724910316622731 0.6413071612016821 0.650300107275338 0.7258966629159602 0.6751685906228899 0.6413071612016821 0.7258966629159602 0.7258966629159602 0.6413071612016821 0.6413071612016821 0.6413071612016821 0.7514913379040304 1.0 0.6413071612016821 
0.6268379178316869 0.6268379178316869 0.6478658029490758 0.6478658029490758 0.6268379178316869 0.6478658029490758 0.6268379178316869 0.6268379178316869 1.0 0.6478658029490758 0.646505567826357 0.6478658029490758 0.6268379178316869 0.6268379178316869 0.6478658029490758 0.6478658029490758 0.6478658029490758 0.7423325177911364 0.6268379178316869 0.6268379178316869 
1.0 0.6413071612016821 0.6478658029490758 0.6478658029490758 0.6413071612016821 0.6478658029490758 0.6413071612016821 1.0 0.7090930752598246 0.7046118482480758 0.6413071612016821 0.6478658029490758 0.7662840074000468 0.7662840074000468 0.7662840074000468 0.7662840074000468 0.7662840074000468 1.0 0.6413071612016821 0.7090930752598246 
0.6268379178316869 0.6268379178316869 0.6268379178316869 0.6268379178316869 0.6268379178316869 0.6268379178316869 0.6268379178316869 0.6268379178316869 0.650300107275338 0.6268379178316869 0.6268379178316869 0.6268379178316869 0.6268379178316869 0.6268379178316869 0.6268379178316869 0.6268379178316869 0.6268379178316869 0.6268379178316869 0.6268379178316869 0.6268379178316869 
1.0 0.6413071612016821 0.6478658029490758 0.6478658029490758 0.7475927718490476 0.6478658029490758 0.7475927718490476 0.6413071612016821 0.7475927718490476 0.6478658029490758 0.7475927718490476 0.6478658029490758 0.7662840074000468 0.7662840074000468 0.7662840074000468 0.7662840074000468 0.7662840074000468 0.7475927718490476 0.6413071612016821 0.7090930752598246 
0.6951481997146942 0.7258966629159602 0.6413071612016821 0.6413071612016821 0.6413071612016821 0.6413071612016821 0.6622104617244694 0.6413071612016821 1.0 0.7258966629159602 0.7571507003216751 0.6413071612016821 0.7571507003216751 0.7571507003216751 0.6413071612016821 0.6413071612016821 0.6413071612016821 0.7258966629159602 1.0 0.6951481997146942 
0.6951481997146942 0.6413071612016821 0.6478658029490758 1.0 0.6413071612016821 0.6478658029490758 0.6413071612016821 0.6413071612016821 0.6951481997146942 1.0 0.646505567826357 1.0 0.6413071612016821 0.6413071612016821 0.6478658029490758 0.6478658029490758 0.6478658029490758 0.7514913379040304 0.6413071612016821 0.6951481997146942 
0.4435759823817474 0.4915294388324435 0.6478658029490758 0.6478658029490758 0.4435759823817474 0.6478658029490758 0.6622104617244694 0.864875804800689 0.6622104617244694 0.6478658029490758 0.547173791830044 0.6478658029490758 0.5631089711883746 0.5631089711883746 0.6478658029490758 0.6478658029490758 0.6478658029490758 0.6478658029490758 0.4435759823817474 0.4435759823817474 
0.6951481997146942 0.6413071612016821 1.0 0.6478658029490758 0.6413071612016821 1.0 1.0 0.6413071612016821 0.6951481997146942 0.6478658029490758 0.646505567826357 0.6478658029490758 0.6413071612016821 0.6413071612016821 0.6478658029490758 0.6478658029490758 0.6478658029490758 0.6478658029490758 0.6413071612016821 0.6951481997146942 
0.7528253800573816 0.6268379178316869 0.6268379178316869 0.7093556181814169 0.6268379178316869 0.6268379178316869 0.6268379178316869 0.6268379178316869 0.650300107275338 0.7093556181814169 0.6268379178316869 0.7093556181814169 0.6268379178316869 0.6268379178316869 0.6268379178316869 0.6268379178316869 0.6268379178316869 0.7528253800573816 0.6274383296520855 0.6274383296520855 
